1	4
1	11
1	14
1	17
1	22
1	24
1	27
1	31
1	64
1	65
1	69
1	76
1	153
1	161
1	170
1	172
1	182
1	193
1	198
1	207
1	218
1	224
1	243
1	253
1	254
1	255
1	275
1	304
1	307
1	314
1	319
1	323
1	342
1	448
1	508
1	509
1	532
1	620
1	631
1	692
1	704
1	729
1	745
1	746
1	769
1	875
1	890
1	920
1	934
2	5
2	29
2	45
2	66
2	72
2	75
2	85
2	102
2	120
2	123
2	124
2	131
2	163
2	203
2	219
2	227
2	234
2	237
2	255
2	277
2	283
2	292
2	302
2	329
2	330
2	352
2	354
2	385
2	406
2	426
2	459
2	489
2	600
2	616
2	658
2	668
2	675
2	721
2	779
2	798
2	861
2	943
2	957
2	960
2	967
2	977
3	12
3	14
3	19
3	30
3	37
3	47
3	48
3	56
3	59
3	60
3	63
3	71
3	74
3	79
3	95
3	103
3	105
3	127
3	158
3	159
3	180
3	193
3	223
3	229
3	261
3	265
3	270
3	296
3	336
3	397
3	487
3	512
3	569
3	593
3	608
3	650
3	670
3	684
3	696
3	703
3	726
3	856
3	885
3	894
3	959
3	961
4	7
4	9
4	10
4	15
4	16
4	20
4	28
4	35
4	61
4	62
4	70
4	83
4	104
4	111
4	125
4	135
4	141
4	143
4	144
4	162
4	192
4	197
4	215
4	222
4	231
4	259
4	260
4	288
4	337
4	365
4	390
4	529
4	550
4	610
4	678
4	762
4	787
4	803
4	812
4	841
4	965
4	991
5	11
5	18
5	32
5	38
5	46
5	53
5	75
5	85
5	100
5	108
5	115
5	131
5	134
5	156
5	183
5	214
5	230
5	239
5	246
5	266
5	298
5	330
5	353
5	377
5	378
5	458
5	467
5	478
5	479
5	493
5	518
5	525
5	551
5	568
5	624
5	626
5	727
5	795
5	813
5	861
5	922
5	957
6	14
6	15
6	18
6	24
6	52
6	55
6	58
6	73
6	81
6	92
6	101
6	102
6	135
6	153
6	154
6	157
6	167
6	182
6	219
6	235
6	262
6	318
6	327
6	356
6	360
6	424
6	425
6	431
6	440
6	452
6	455
6	477
6	494
6	631
6	702
6	736
6	826
6	854
6	878
6	924
6	964
6	986
7	8
7	10
7	15
7	17
7	26
7	28
7	34
7	83
7	87
7	93
7	108
7	119
7	140
7	153
7	154
7	162
7	213
7	215
7	260
7	326
7	365
7	413
7	417
7	428
7	430
7	454
7	500
7	511
7	562
7	567
7	583
7	584
7	665
7	699
7	730
7	800
7	818
7	841
7	950
7	962
8	10
8	15
8	16
8	28
8	29
8	32
8	36
8	41
8	48
8	62
8	109
8	116
8	119
8	142
8	157
8	184
8	191
8	208
8	221
8	231
8	238
8	263
8	284
8	288
8	292
8	346
8	368
8	394
8	400
8	421
8	454
8	511
8	514
8	527
8	571
8	853
8	896
8	916
8	955
8	1000
9	16
9	17
9	28
9	34
9	41
9	48
9	62
9	116
9	126
9	138
9	140
9	149
9	180
9	186
9	213
9	215
9	220
9	225
9	242
9	246
9	286
9	299
9	337
9	349
9	485
9	491
9	500
9	526
9	558
9	580
9	615
9	647
9	679
9	687
9	688
9	815
9	847
9	880
9	884
9	942
10	15
10	16
10	20
10	53
10	62
10	77
10	118
10	138
10	140
10	141
10	147
10	180
10	198
10	208
10	244
10	270
10	285
10	308
10	347
10	361
10	381
10	415
10	426
10	429
10	472
10	567
10	647
10	649
10	655
10	739
10	803
10	835
10	845
10	866
10	877
10	931
11	25
11	28
11	29
11	32
11	38
11	44
11	63
11	82
11	87
11	92
11	155
11	203
11	226
11	230
11	234
11	300
11	342
11	358
11	387
11	414
11	501
11	598
11	679
11	681
11	721
11	725
11	779
11	798
11	817
11	820
11	824
11	839
11	850
11	861
11	925
11	936
11	951
12	19
12	30
12	39
12	56
12	74
12	79
12	95
12	96
12	97
12	98
12	111
12	114
12	127
12	128
12	144
12	149
12	193
12	200
12	203
12	204
12	269
12	281
12	317
12	496
12	504
12	533
12	550
12	608
12	660
12	686
12	706
12	783
12	790
12	811
12	863
12	864
12	941
13	14
13	22
13	24
13	27
13	44
13	68
13	73
13	86
13	133
13	153
13	160
13	174
13	244
13	254
13	255
13	273
13	293
13	318
13	321
13	338
13	367
13	382
13	455
13	480
13	509
13	540
13	545
13	552
13	556
13	669
13	733
13	765
13	896
13	897
13	920
13	932
13	953
13	972
14	22
14	52
14	55
14	64
14	79
14	90
14	116
14	133
14	146
14	153
14	160
14	165
14	170
14	172
14	185
14	207
14	240
14	273
14	341
14	367
14	369
14	374
14	409
14	454
14	545
14	553
14	628
14	629
14	642
14	658
14	677
14	707
14	875
14	893
15	17
15	27
15	54
15	70
15	77
15	88
15	106
15	118
15	125
15	140
15	174
15	183
15	186
15	205
15	260
15	295
15	331
15	337
15	427
15	472
15	494
15	527
15	529
15	535
15	550
15	554
15	567
15	621
15	666
15	691
15	754
15	949
16	26
16	28
16	34
16	39
16	57
16	83
16	88
16	116
16	138
16	140
16	177
16	191
16	200
16	248
16	288
16	295
16	383
16	389
16	404
16	429
16	464
16	527
16	571
16	677
16	687
16	697
16	718
16	722
16	791
16	799
16	871
16	956
17	26
17	36
17	109
17	111
17	153
17	172
17	184
17	186
17	192
17	197
17	200
17	219
17	284
17	410
17	421
17	464
17	499
17	528
17	551
17	552
17	621
17	644
17	645
17	646
17	666
17	689
17	770
17	871
17	880
17	899
17	970
18	21
18	49
18	50
18	52
18	54
18	58
18	77
18	87
18	101
18	132
18	161
18	165
18	185
18	207
18	210
18	240
18	245
18	254
18	258
18	283
18	293
18	329
18	357
18	419
18	466
18	468
18	521
18	763
18	777
18	792
18	848
18	889
18	906
19	30
19	33
19	37
19	39
19	40
19	56
19	71
19	78
19	87
19	89
19	95
19	96
19	101
19	148
19	171
19	180
19	188
19	193
19	204
19	228
19	339
19	361
19	372
19	447
19	462
19	497
19	622
19	670
19	731
19	747
19	885
19	938
19	997
20	26
20	28
20	34
20	36
20	42
20	43
20	83
20	93
20	119
20	126
20	140
20	162
20	205
20	206
20	226
20	260
20	263
20	288
20	364
20	436
20	479
20	512
20	567
20	609
20	647
20	714
20	828
20	853
20	860
20	915
20	956
20	980
21	22
21	24
21	30
21	34
21	69
21	73
21	87
21	111
21	133
21	161
21	166
21	172
21	181
21	207
21	254
21	281
21	313
21	327
21	356
21	391
21	409
21	425
21	452
21	460
21	517
21	565
21	729
21	829
21	838
21	848
21	873
21	887
21	924
22	27
22	37
22	52
22	84
22	92
22	109
22	178
22	182
22	301
22	332
22	367
22	396
22	431
22	492
22	518
22	560
22	620
22	628
22	649
22	693
22	734
22	750
22	763
22	774
22	862
22	864
22	872
22	889
22	958
23	25
23	38
23	44
23	68
23	75
23	82
23	85
23	87
23	91
23	95
23	100
23	101
23	120
23	137
23	196
23	211
23	234
23	252
23	253
23	331
23	344
23	358
23	366
23	373
23	377
23	435
23	488
23	668
23	683
23	696
23	705
23	820
23	900
24	58
24	74
24	76
24	112
24	132
24	148
24	165
24	170
24	222
24	232
24	245
24	278
24	307
24	311
24	316
24	342
24	363
24	391
24	407
24	482
24	555
24	560
24	614
24	663
24	669
24	802
24	954
24	990
24	1000
25	44
25	56
25	61
25	102
25	115
25	130
25	150
25	155
25	157
25	163
25	175
25	209
25	212
25	217
25	255
25	274
25	300
25	308
25	416
25	493
25	504
25	611
25	643
25	661
25	696
25	701
25	752
25	831
25	872
25	885
26	28
26	34
26	36
26	43
26	48
26	57
26	72
26	80
26	106
26	111
26	141
26	142
26	162
26	179
26	209
26	282
26	295
26	370
26	373
26	397
26	430
26	438
26	751
26	761
26	877
26	954
26	955
26	998
27	31
27	50
27	69
27	84
27	87
27	90
27	154
27	218
27	228
27	245
27	338
27	351
27	359
27	382
27	398
27	419
27	451
27	468
27	473
27	482
27	515
27	729
27	756
27	829
27	870
27	875
27	935
27	969
28	36
28	42
28	55
28	88
28	99
28	126
28	162
28	186
28	206
28	299
28	464
28	465
28	501
28	609
28	730
28	769
28	770
28	787
28	809
28	858
28	946
28	949
28	951
28	996
29	75
29	89
29	90
29	100
29	110
29	115
29	152
29	156
29	196
29	241
29	246
29	256
29	277
29	347
29	372
29	373
29	394
29	435
29	478
29	488
29	516
29	568
29	661
29	679
29	822
29	840
29	943
29	957
30	33
30	51
30	53
30	60
30	79
30	97
30	99
30	103
30	105
30	152
30	175
30	201
30	208
30	216
30	269
30	305
30	332
30	379
30	393
30	401
30	446
30	569
30	597
30	600
30	680
30	809
31	49
31	65
31	81
31	87
31	101
31	133
31	161
31	172
31	278
31	290
31	344
31	356
31	398
31	431
31	440
31	453
31	461
31	469
31	503
31	576
31	664
31	704
31	814
31	838
31	872
31	878
31	886
31	941
32	44
32	45
32	60
32	63
32	72
32	85
32	89
32	96
32	102
32	110
32	115
32	137
32	142
32	187
32	203
32	212
32	217
32	277
32	315
32	433
32	486
32	776
32	795
32	824
32	911
32	967
33	39
33	51
33	59
33	67
33	71
33	97
33	105
33	168
33	174
33	190
33	297
33	305
33	335
33	379
33	399
33	407
33	432
33	446
33	496
33	594
33	608
33	650
33	702
33	836
33	856
33	879
33	912
34	36
34	54
34	119
34	122
34	138
34	157
34	162
34	169
34	191
34	208
34	286
34	343
34	440
34	491
34	528
34	546
34	603
34	604
34	743
34	847
34	951
34	991
34	993
35	62
35	82
35	93
35	111
35	128
35	183
35	191
35	192
35	231
35	248
35	255
35	260
35	263
35	284
35	337
35	365
35	483
35	571
35	587
35	645
35	663
35	712
35	783
35	844
35	902
35	949
35	981
35	982
36	43
36	48
36	54
36	62
36	88
36	109
36	121
36	142
36	189
36	213
36	284
36	286
36	404
36	472
36	491
36	505
36	617
36	659
36	690
36	720
36	781
36	828
36	871
37	47
37	51
37	58
37	71
37	74
37	117
37	133
37	164
37	176
37	201
37	216
37	228
37	261
37	337
37	380
37	499
37	543
37	710
37	741
37	746
37	807
37	826
37	837
37	885
37	995
38	45
38	46
38	68
38	120
38	126
38	139
38	155
38	181
38	237
38	249
38	251
38	252
38	344
38	358
38	378
38	461
38	577
38	624
38	681
38	734
38	748
38	776
38	874
38	925
38	994
39	40
39	47
39	51
39	53
39	64
39	105
39	164
39	190
39	193
39	218
39	236
39	250
39	281
39	310
39	345
39	496
39	547
39	582
39	590
39	626
39	732
39	796
39	907
39	987
40	51
40	78
40	86
40	96
40	112
40	117
40	144
40	146
40	158
40	216
40	228
40	229
40	271
40	310
40	339
40	371
40	381
40	416
40	445
40	502
40	541
40	588
40	593
40	607
40	766
40	833
41	43
41	48
41	49
41	54
41	118
41	135
41	138
41	140
41	173
41	213
41	217
41	243
41	325
41	418
41	491
41	527
41	534
41	563
41	579
41	609
41	615
41	621
41	699
41	867
41	951
41	991
42	57
42	83
42	88
42	94
42	112
42	118
42	119
42	129
42	142
42	168
42	197
42	198
42	200
42	285
42	464
42	554
42	558
42	581
42	601
42	616
42	638
42	719
42	772
42	785
42	932
43	80
43	82
43	116
43	146
43	225
43	254
43	260
43	279
43	284
43	325
43	370
43	410
43	415
43	472
43	499
43	534
43	579
43	605
43	711
43	835
43	915
43	965
43	993
44	62
44	91
44	114
44	137
44	155
44	189
44	195
44	251
44	340
44	353
44	376
44	385
44	551
44	591
44	612
44	701
44	758
44	795
44	798
44	813
44	958
45	100
45	115
45	124
45	130
45	131
45	134
45	159
45	219
45	239
45	274
45	275
45	283
45	302
45	354
45	366
45	458
45	643
45	694
45	727
45	748
45	752
45	948
45	987
46	72
46	75
46	91
46	92
46	104
46	113
46	120
46	124
46	155
46	175
46	211
46	226
46	241
46	335
46	411
46	467
46	612
46	675
46	725
46	776
46	798
46	849
46	914
46	985
47	56
47	71
47	74
47	95
47	98
47	99
47	158
47	170
47	198
47	236
47	295
47	296
47	463
47	559
47	588
47	618
47	633
47	673
47	797
47	808
47	891
47	894
47	975
48	57
48	80
48	118
48	131
48	157
48	205
48	208
48	221
48	326
48	346
48	367
48	437
48	553
48	558
48	615
48	632
48	645
48	876
48	902
49	50
49	86
49	90
49	118
49	178
49	289
49	318
49	420
49	424
49	434
49	437
49	451
49	466
49	469
49	476
49	481
49	736
49	825
49	870
49	964
49	973
49	980
50	81
50	128
50	146
50	170
50	182
50	207
50	355
50	356
50	371
50	448
50	457
50	476
50	500
50	541
50	695
50	734
50	769
50	823
50	847
50	876
50	890
50	906
51	71
51	95
51	96
51	114
51	151
51	159
51	163
51	166
51	190
51	204
51	228
51	244
51	294
51	364
51	546
51	547
51	586
51	596
51	735
51	952
52	58
52	90
52	136
52	153
52	160
52	184
52	218
52	240
52	254
52	275
52	290
52	450
52	455
52	471
52	487
52	671
52	701
52	802
52	986
52	999
53	62
53	105
53	113
53	128
53	160
53	171
53	176
53	214
53	228
53	247
53	271
53	305
53	324
53	336
53	523
53	684
53	706
53	797
53	807
53	916
54	122
54	129
54	141
54	167
54	180
54	231
54	284
54	365
54	370
54	405
54	422
54	439
54	483
54	534
54	537
54	665
54	789
54	877
54	949
55	73
55	84
55	101
55	172
55	224
55	281
55	286
55	306
55	355
55	391
55	445
55	468
55	482
55	490
55	507
55	509
55	555
55	595
55	716
55	887
55	917
56	69
56	93
56	113
56	236
56	262
56	305
56	336
56	341
56	351
56	361
56	464
56	542
56	588
56	600
56	606
56	630
56	808
56	907
56	959
57	60
57	70
57	77
57	83
57	88
57	94
57	109
57	119
57	125
57	129
57	206
57	295
57	297
57	438
57	526
57	571
57	666
57	844
57	847
58	64
58	65
58	69
58	146
58	185
58	262
58	354
58	371
58	398
58	431
58	448
58	450
58	469
58	474
58	507
58	516
58	573
58	986
59	95
59	117
59	148
59	171
59	176
59	184
59	214
59	380
59	409
59	440
59	447
59	504
59	506
59	542
59	547
59	548
59	600
59	680
59	728
59	747
59	826
60	97
60	145
60	158
60	233
60	250
60	291
60	324
60	334
60	462
60	523
60	629
60	630
60	723
60	735
60	808
60	893
60	895
60	918
60	929
61	68
61	110
61	115
61	136
61	137
61	161
61	199
61	217
61	277
61	320
61	353
61	374
61	475
61	651
61	667
61	737
61	788
61	796
61	831
61	843
61	909
62	83
62	86
62	125
62	129
62	197
62	213
62	238
62	285
62	325
62	331
62	383
62	421
62	422
62	505
62	727
63	85
63	89
63	172
63	195
63	215
63	246
63	256
63	274
63	350
63	354
63	386
63	392
63	458
63	479
63	658
63	683
63	696
63	758
63	903
63	950
64	90
64	160
64	201
64	218
64	232
64	253
64	262
64	293
64	348
64	403
64	457
64	484
64	534
64	553
64	566
64	642
64	802
64	900
64	934
65	76
65	81
65	90
65	132
65	153
65	223
65	232
65	243
65	248
65	250
65	262
65	289
65	304
65	306
65	338
65	490
65	733
65	926
65	983
66	107
66	137
66	150
66	156
66	181
66	212
66	246
66	277
66	313
66	324
66	352
66	376
66	395
66	458
66	489
66	493
66	505
66	667
66	725
66	842
66	914
67	71
67	139
67	188
67	233
67	250
67	263
67	264
67	317
67	324
67	334
67	345
67	442
67	572
67	596
67	634
67	683
67	728
67	777
67	944
67	953
67	976
68	89
68	108
68	117
68	120
68	137
68	156
68	189
68	195
68	202
68	227
68	237
68	246
68	249
68	252
68	374
68	433
68	700
68	909
69	76
69	147
69	154
69	202
69	273
69	290
69	338
69	371
69	419
69	424
69	439
69	448
69	469
69	532
69	637
69	704
69	890
70	125
70	129
70	130
70	135
70	140
70	158
70	162
70	179
70	183
70	220
70	238
70	260
70	279
70	364
70	381
70	462
70	483
70	537
70	923
71	98
71	231
71	257
71	280
71	336
71	369
71	388
71	557
71	562
71	594
71	600
71	816
71	837
71	940
71	944
72	85
72	115
72	120
72	123
72	175
72	195
72	292
72	368
72	385
72	386
72	402
72	538
72	562
72	598
72	648
72	823
72	937
73	74
73	150
73	172
73	194
73	253
73	275
73	278
73	314
73	323
73	460
73	466
73	477
73	532
73	564
73	757
73	900
73	972
74	79
74	97
74	164
74	244
74	393
74	401
74	405
74	432
74	442
74	562
74	703
74	741
74	873
74	894
74	929
75	108
75	211
75	226
75	362
75	415
75	441
75	456
75	623
75	648
75	668
75	825
75	882
75	903
75	927
75	967
75	977
76	87
76	101
76	205
76	207
76	282
76	311
76	348
76	358
76	451
76	453
76	481
76	549
76	563
76	565
76	917
76	921
76	980
77	111
77	125
77	129
77	147
77	191
77	368
77	415
77	418
77	421
77	500
77	505
77	579
77	636
77	659
77	663
77	672
77	690
78	98
78	99
78	114
78	117
78	199
78	263
78	296
78	314
78	351
78	416
78	524
78	592
78	632
78	717
78	796
78	833
78	856
78	940
78	975
79	98
79	103
79	149
79	171
79	229
79	238
79	247
79	324
79	328
79	399
79	503
79	520
79	570
79	619
79	767
79	782
80	96
80	119
80	122
80	143
80	157
80	171
80	231
80	331
80	368
80	369
80	418
80	494
80	579
80	616
80	880
80	911
80	931
80	991
81	141
81	167
81	177
81	185
81	232
81	235
81	238
81	254
81	278
81	319
81	396
81	398
81	492
81	687
81	728
81	872
82	91
82	92
82	102
82	107
82	110
82	123
82	124
82	169
82	181
82	378
82	386
82	392
82	411
82	661
82	722
82	724
83	88
83	109
83	142
83	207
83	225
83	276
83	279
83	284
83	326
83	550
83	610
83	645
83	880
84	86
84	90
84	166
84	182
84	254
84	273
84	281
84	352
84	466
84	489
84	492
84	534
84	587
84	664
84	675
84	692
84	972
85	100
85	247
85	266
85	309
85	350
85	374
85	411
85	493
85	639
85	661
85	772
85	794
85	815
85	869
86	90
86	161
86	166
86	182
86	272
86	313
86	321
86	333
86	430
86	540
86	564
86	664
86	872
86	886
86	943
87	132
87	254
87	278
87	307
87	452
87	564
87	693
87	777
87	932
87	986
88	122
88	199
88	438
88	454
88	465
88	535
88	550
88	604
88	610
88	627
88	714
88	756
89	92
89	124
89	163
89	239
89	255
89	266
89	320
89	330
89	353
89	359
89	420
89	459
89	724
89	805
90	160
90	185
90	289
90	378
90	434
90	487
90	543
90	657
90	850
90	897
91	137
91	195
91	203
91	246
91	251
91	315
91	373
91	378
91	385
91	389
91	414
91	423
91	648
91	748
91	810
92	161
92	187
92	239
92	246
92	298
92	411
92	435
92	489
92	495
92	794
92	937
92	959
93	180
93	184
93	191
93	248
93	276
93	347
93	430
93	438
93	443
93	601
93	604
93	706
93	756
93	847
94	109
94	135
94	154
94	183
94	221
94	276
94	286
94	287
94	365
94	472
94	552
94	666
94	690
94	785
94	786
94	970
95	96
95	97
95	164
95	245
95	247
95	269
95	523
95	539
95	608
95	796
95	879
96	121
96	123
96	148
96	174
96	216
96	372
96	445
96	453
96	694
96	851
96	912
97	98
97	121
97	128
97	134
97	159
97	204
97	297
97	401
97	612
97	808
97	938
97	942
98	112
98	190
98	201
98	204
98	264
98	315
98	622
98	634
98	665
98	686
98	726
98	747
99	113
99	194
99	242
99	291
99	317
99	361
99	456
99	504
99	533
99	548
99	611
99	640
99	707
99	780
100	123
100	136
100	137
100	220
100	312
100	354
100	358
100	456
100	467
100	648
100	895
100	922
100	994
101	128
101	293
101	314
101	476
101	513
101	565
101	620
101	692
101	834
101	910
102	104
102	137
102	149
102	227
102	274
102	352
102	484
102	538
102	612
102	641
102	661
102	960
103	145
103	151
103	193
103	242
103	324
103	397
103	582
103	656
103	670
103	698
103	710
103	735
103	746
103	907
104	152
104	181
104	211
104	239
104	256
104	309
104	373
104	450
104	495
104	538
104	568
104	605
104	721
104	857
105	174
105	242
105	247
105	297
105	345
105	442
105	506
105	545
105	562
105	599
105	719
105	856
106	111
106	184
106	206
106	208
106	221
106	322
106	389
106	400
106	514
106	536
106	569
106	652
106	788
106	859
106	887
107	163
107	189
107	222
107	237
107	309
107	414
107	459
107	461
107	525
107	591
107	625
107	772
107	784
107	797
107	968
108	222
108	226
108	241
108	361
108	362
108	547
108	713
108	806
108	827
108	831
108	849
108	978
108	994
109	111
109	126
109	162
109	192
109	295
109	379
109	563
109	809
109	859
109	883
110	187
110	195
110	196
110	423
110	475
110	477
110	573
110	602
110	737
110	755
110	782
110	925
110	977
111	157
111	331
111	473
111	485
111	581
111	616
111	815
111	968
112	139
112	188
112	216
112	324
112	447
112	471
112	489
112	504
112	542
112	634
112	837
112	941
112	944
113	141
113	149
113	158
113	168
113	196
113	261
113	380
113	407
113	496
113	650
113	913
113	940
114	159
114	201
114	278
114	297
114	412
114	432
114	493
114	541
114	660
114	686
114	913
114	940
115	120
115	283
115	292
115	357
115	363
115	459
115	506
115	922
115	928
116	119
116	197
116	205
116	284
116	436
116	530
116	583
116	584
116	601
116	617
116	973
117	204
117	242
117	471
117	524
117	559
117	628
117	630
117	635
117	680
117	819
117	964
118	129
118	173
118	183
118	200
118	220
118	279
118	288
118	539
118	646
118	930
119	125
119	221
119	291
119	613
119	641
119	689
119	800
119	942
120	150
120	163
120	230
120	259
120	299
120	329
120	538
120	557
120	788
121	164
121	335
121	388
121	432
121	520
121	531
121	623
121	676
121	755
121	757
121	807
121	966
121	988
122	179
122	198
122	215
122	225
122	288
122	368
122	436
122	499
122	578
122	760
122	768
122	836
123	169
123	298
123	302
123	344
123	433
123	479
123	612
123	638
123	749
123	805
123	835
124	175
124	194
124	219
124	302
124	486
124	725
124	740
124	779
124	958
124	978
125	140
125	142
125	164
125	194
125	247
125	347
125	429
125	581
126	157
126	322
126	354
126	417
126	426
126	455
126	505
126	789
126	806
126	992
127	159
127	164
127	174
127	229
127	256
127	261
127	335
127	524
127	631
127	741
127	863
127	913
127	965
128	144
128	401
128	445
128	471
128	502
128	569
128	662
128	723
128	918
129	213
129	247
129	347
129	649
129	660
129	678
129	714
129	739
130	150
130	156
130	169
130	241
130	266
130	357
130	402
130	755
130	869
130	904
130	950
130	957
131	134
131	181
131	207
131	222
131	227
131	239
131	246
131	598
131	667
131	724
131	960
132	139
132	160
132	165
132	290
132	316
132	671
132	750
132	764
132	831
132	854
132	980
133	178
133	183
133	275
133	403
133	545
133	631
133	714
133	889
133	921
133	989
134	175
134	234
134	255
134	299
134	300
134	411
134	459
134	599
134	641
134	765
134	791
135	183
135	220
135	260
135	438
135	443
135	647
135	659
135	708
135	718
135	845
136	172
136	178
136	232
136	262
136	293
136	359
136	564
136	589
136	614
136	801
136	825
136	934
137	150
137	330
137	353
137	382
137	979
137	984
138	179
138	248
138	390
138	544
138	613
138	632
138	783
138	806
138	963
138	992
139	149
139	171
139	174
139	270
139	291
139	310
139	437
139	633
139	684
139	780
139	782
140	192
140	259
140	337
140	494
140	638
140	806
141	180
141	337
141	512
141	528
141	617
141	689
141	781
141	866
141	955
142	191
142	350
142	381
142	383
142	491
142	558
142	621
143	186
143	188
143	200
143	206
143	418
143	429
143	437
143	443
143	770
143	787
143	937
143	996
144	351
144	498
144	528
144	544
144	594
144	611
144	623
144	662
144	710
144	726
145	268
145	343
145	363
145	539
145	543
145	570
145	606
145	715
145	732
145	753
145	857
145	990
146	172
146	316
146	440
146	484
146	518
146	530
146	602
146	674
146	906
147	157
147	183
147	215
147	326
147	370
147	472
147	616
147	744
147	751
147	803
147	965
148	201
148	247
148	405
148	408
148	417
148	427
148	593
148	673
148	846
148	918
149	244
149	280
149	341
149	541
149	580
149	606
149	640
149	963
150	187
150	189
150	230
150	320
150	435
150	461
150	508
150	840
151	174
151	257
151	280
151	343
151	407
151	434
151	543
151	592
151	635
151	735
151	916
151	919
152	155
152	181
152	195
152	344
152	366
152	402
152	444
152	475
152	538
152	624
152	643
153	210
153	224
153	253
153	290
153	420
153	664
154	161
154	165
154	182
154	275
154	424
154	674
154	700
154	910
154	923
155	192
155	302
155	354
155	443
155	490
155	648
155	839
155	927
156	219
156	414
156	444
156	589
156	603
156	705
156	715
156	878
156	976
157	180
157	208
157	535
157	558
157	781
158	189
158	294
158	361
158	496
158	503
158	724
158	726
158	959
159	247
159	388
159	424
159	463
159	497
159	580
159	645
159	771
160	185
160	218
160	384
160	409
160	536
160	777
160	808
161	210
161	253
161	272
161	273
161	862
161	881
162	220
162	238
162	410
162	437
162	511
162	820
163	195
163	215
163	352
163	709
163	740
163	824
163	831
164	168
164	214
164	265
164	406
164	611
164	886
165	171
165	316
165	319
165	530
165	642
165	672
165	900
165	917
166	282
166	286
166	313
166	321
166	412
166	448
166	657
166	848
166	954
167	182
167	258
167	304
167	318
167	359
167	390
167	461
167	636
167	769
167	870
168	405
168	418
168	502
168	653
168	655
168	708
168	891
168	941
168	953
169	211
169	274
169	360
169	423
169	444
169	599
169	625
169	813
169	843
170	182
170	412
170	492
170	530
170	587
170	682
170	764
170	870
171	193
171	236
171	284
171	345
171	597
171	673
172	268
172	396
172	474
173	206
173	259
173	287
173	291
173	351
173	404
173	579
173	688
173	730
173	853
173	956
174	271
174	561
174	653
174	717
174	759
175	209
175	264
175	309
175	320
175	515
175	817
175	882
176	214
176	329
176	334
176	351
176	526
176	607
176	623
176	719
176	971
176	987
177	178
177	240
177	342
177	360
177	363
177	375
177	387
177	457
177	614
177	923
177	973
178	301
178	316
178	521
178	544
178	548
178	695
178	855
178	984
179	213
179	301
179	516
179	571
179	613
179	739
179	800
179	853
179	902
180	436
180	483
180	499
180	678
180	915
181	239
181	312
181	395
181	549
181	745
181	755
182	235
182	510
182	522
182	821
183	276
183	331
183	499
183	689
184	248
184	276
184	454
184	536
184	637
184	646
184	789
185	210
185	224
185	292
185	301
185	738
185	876
185	934
186	197
186	287
186	370
186	383
186	514
186	537
186	877
187	211
187	230
187	246
187	525
187	629
187	684
187	715
187	950
188	264
188	462
188	497
188	623
188	653
188	694
188	894
188	994
189	219
189	252
189	406
189	700
189	752
189	784
190	229
190	247
190	296
190	319
190	521
190	660
190	908
190	971
191	224
191	511
191	652
191	842
191	999
192	346
192	410
192	413
192	465
192	494
192	829
193	233
193	257
193	305
193	766
193	895
194	310
194	397
194	570
194	797
194	864
194	898
194	919
194	997
195	264
195	914
195	948
195	960
196	217
196	219
196	226
196	232
196	308
196	330
196	869
196	984
197	263
197	404
197	497
197	506
197	535
197	591
198	200
198	208
198	326
198	567
198	604
198	638
198	720
199	201
199	244
199	372
199	407
199	416
199	512
199	531
199	723
199	790
200	632
200	652
200	743
200	803
200	942
201	261
201	463
201	597
201	913
201	926
202	214
202	290
202	293
202	393
202	425
202	453
202	587
202	964
202	989
202	1000
203	223
203	303
203	377
203	423
203	515
203	651
203	675
204	334
204	343
204	379
204	531
204	797
204	981
205	346
205	389
205	443
205	466
205	563
205	636
205	739
206	443
206	554
206	619
206	712
206	729
206	793
207	240
207	384
207	396
207	516
208	225
208	321
208	443
208	554
209	226
209	358
209	376
209	574
209	676
209	686
209	700
209	947
209	967
210	272
210	314
210	355
210	384
210	391
210	480
210	516
210	654
211	308
211	376
211	488
211	752
211	842
211	960
212	237
212	303
212	362
212	408
212	575
212	585
212	609
212	701
212	827
213	288
213	711
213	743
213	785
213	882
214	228
214	335
214	336
214	412
214	520
214	753
215	220
215	377
215	383
215	389
215	699
216	257
216	309
216	405
216	588
216	782
216	895
216	966
217	303
217	312
217	365
217	456
217	486
217	685
217	721
218	304
218	473
218	638
218	692
218	704
218	989
219	266
219	302
219	376
219	392
220	233
220	413
220	505
220	601
220	636
221	257
221	465
221	529
221	655
221	699
221	868
222	256
222	300
222	377
222	402
222	444
222	773
223	367
223	371
223	412
223	480
223	565
223	682
223	760
223	838
224	301
224	453
224	495
224	507
224	544
224	910
225	415
225	529
225	578
225	619
225	742
225	751
226	627
226	727
226	737
226	813
227	266
227	267
227	479
227	556
227	839
227	874
227	901
228	240
228	407
228	517
228	680
229	271
229	334
229	341
229	379
229	519
229	956
230	237
230	239
230	310
230	320
230	573
230	598
231	259
231	285
231	389
231	455
231	785
232	243
232	319
232	350
232	457
232	763
233	265
233	291
233	379
233	380
233	694
233	826
233	832
234	249
234	387
234	402
234	475
234	612
234	758
234	816
235	245
235	278
235	327
235	358
235	510
235	795
235	829
235	873
236	269
236	361
236	533
236	559
236	590
236	615
236	919
237	408
237	441
237	495
237	668
237	820
238	428
238	534
238	571
238	646
238	800
239	303
239	313
239	866
240	262
240	323
240	355
240	451
240	716
241	299
241	362
241	577
241	584
241	602
241	709
241	793
242	262
242	270
242	446
242	656
242	830
242	940
243	246
243	359
243	390
243	513
243	695
243	840
243	875
244	271
244	341
244	401
244	728
244	918
245	363
245	672
245	691
245	702
245	761
245	924
247	570
248	571
248	747
248	754
248	859
248	913
249	300
249	433
249	585
249	603
249	676
249	709
249	754
249	883
250	345
250	351
250	359
250	562
250	590
250	592
250	908
251	267
251	308
251	411
251	452
251	651
251	658
251	849
251	897
252	255
252	292
252	315
252	336
252	458
252	564
252	575
253	360
253	532
253	566
253	905
253	971
254	792
254	877
255	395
255	589
255	947
256	374
256	392
256	460
256	508
256	705
256	837
257	335
257	383
257	427
257	502
257	830
257	836
258	290
258	348
258	391
258	419
258	482
258	677
258	723
258	775
258	887
259	279
259	322
259	649
259	781
259	821
259	888
260	613
260	699
260	828
261	270
261	421
261	736
261	771
261	780
261	987
262	513
262	893
262	923
263	400
263	428
263	652
263	690
264	317
264	397
264	463
264	498
264	971
265	310
265	660
265	719
265	770
265	790
265	952
265	976
266	312
266	643
266	745
266	989
267	340
267	366
267	387
267	394
267	396
267	740
267	794
267	874
268	297
268	328
268	341
268	446
268	611
268	618
268	735
268	929
269	361
269	523
269	559
269	634
269	653
269	719
270	317
270	339
270	416
270	497
270	731
271	377
271	506
271	531
271	607
271	653
272	281
272	304
272	340
272	403
272	876
272	892
272	952
273	382
273	677
273	775
273	871
273	928
274	345
274	442
274	551
274	625
274	651
275	400
275	729
275	878
275	928
276	617
276	809
276	845
276	933
276	969
277	393
277	395
277	406
277	441
277	701
278	283
278	356
278	371
279	410
279	457
279	552
279	610
279	613
280	327
280	442
280	471
280	507
280	512
280	762
280	907
281	340
281	439
281	595
281	983
282	311
282	360
282	375
282	513
282	614
282	631
282	641
283	408
283	423
283	449
283	478
283	784
284	748
285	322
285	413
285	417
285	601
285	833
285	888
286	364
286	578
286	581
286	930
287	325
287	399
287	436
287	663
287	780
287	818
287	930
288	483
288	627
288	761
289	323
289	338
289	348
289	360
289	559
289	567
289	702
290	573
290	760
290	845
291	372
291	719
291	747
291	894
292	312
292	377
292	459
292	914
293	451
293	460
293	854
293	890
294	305
294	388
294	671
294	692
294	710
294	771
294	945
294	961
295	422
295	528
295	554
295	663
296	398
296	511
296	572
296	912
296	926
296	938
297	345
297	503
297	539
297	945
298	329
298	378
298	411
298	441
298	523
298	830
298	904
299	300
299	329
299	344
299	685
299	737
300	378
300	501
300	643
300	899
301	576
301	657
301	691
301	798
301	990
302	308
302	380
302	387
302	537
303	392
303	478
303	488
303	670
303	849
303	922
304	327
304	332
304	363
304	375
304	633
305	496
305	521
305	637
305	670
306	309
306	414
306	423
306	478
306	501
306	643
306	822
306	861
307	409
307	522
307	674
307	721
307	733
307	765
307	920
308	350
308	508
308	525
308	846
309	357
309	433
309	502
309	549
310	447
310	512
310	618
310	830
311	369
311	470
311	474
311	487
311	704
311	921
311	936
312	350
312	442
312	501
312	639
312	658
313	555
313	707
313	881
313	935
314	367
314	487
314	507
314	682
315	329
315	419
315	449
315	456
315	697
316	490
316	492
316	657
316	889
317	393
317	746
317	819
317	992
318	371
318	420
318	595
318	717
318	733
319	467
319	474
319	620
319	855
320	349
320	578
320	726
320	749
321	510
321	656
321	760
321	873
321	980
322	370
322	465
322	473
322	514
322	624
323	398
323	413
323	524
323	707
323	829
324	525
324	731
325	328
325	535
325	637
325	884
325	911
326	364
326	418
326	766
326	951
327	450
327	733
327	738
327	870
328	497
328	498
328	557
328	561
328	607
328	634
329	349
329	605
330	387
330	681
330	720
330	740
331	334
331	720
331	979
332	420
332	434
332	538
332	702
332	878
332	896
333	457
333	474
333	484
333	538
333	570
333	642
333	671
333	834
334	385
334	561
334	908
335	427
335	475
335	626
336	464
336	710
336	988
337	688
337	778
338	369
338	487
338	601
338	716
339	345
339	503
339	618
339	710
339	879
339	988
340	439
340	476
340	490
340	628
340	736
341	626
341	634
341	898
342	410
342	460
342	519
342	548
342	855
343	463
343	629
343	757
343	841
343	916
344	591
344	603
344	819
345	945
346	404
346	435
346	528
346	665
346	781
347	380
347	558
347	644
347	858
348	428
348	642
348	803
348	832
348	893
349	387
349	461
349	467
349	658
349	681
349	810
350	705
350	805
350	810
351	586
351	698
352	568
352	627
352	700
352	709
353	366
353	486
353	573
353	624
354	577
354	697
355	390
355	470
355	644
355	738
355	774
356	367
356	450
356	669
356	855
357	441
357	574
357	625
357	920
357	943
358	478
358	745
359	469
359	631
359	983
360	473
360	632
360	897
361	782
362	549
362	627
362	792
362	817
362	867
363	674
363	691
363	897
364	402
364	528
364	899
364	955
365	413
365	464
365	581
366	461
366	679
366	693
366	696
367	382
367	560
368	604
368	868
368	883
368	888
369	481
369	548
369	556
369	892
370	429
370	818
370	962
371	425
371	439
372	439
372	502
372	731
372	811
373	378
373	515
373	605
373	654
374	406
374	582
374	676
374	850
375	396
375	462
375	548
375	564
375	906
375	932
376	526
376	575
376	793
376	804
377	394
377	772
378	788
379	708
379	879
380	462
380	503
381	556
381	613
381	621
381	754
382	431
382	516
382	801
383	741
383	968
384	409
384	457
384	485
384	704
384	775
385	414
385	433
385	820
386	435
386	531
386	724
386	737
386	827
387	675
388	462
388	477
388	846
388	864
389	443
389	699
390	484
390	560
390	765
391	509
391	514
391	533
392	513
392	742
392	958
393	541
393	706
393	846
394	641
394	651
394	713
394	984
395	408
395	426
395	773
395	776
396	707
396	736
397	432
397	594
397	926
398	522
398	566
399	656
399	717
399	723
399	818
399	987
400	609
400	730
400	756
400	982
401	592
401	620
401	863
402	624
402	993
403	428
403	522
403	750
403	802
403	881
404	426
404	520
404	783
405	582
405	630
405	790
406	683
406	804
406	869
407	463
407	642
408	654
408	788
408	936
409	519
409	917
410	841
410	998
411	529
412	473
412	812
412	823
413	430
413	666
414	448
414	784
415	418
415	458
415	911
416	531
416	759
416	790
417	437
417	460
417	632
417	860
418	429
419	476
419	510
419	734
420	453
420	474
420	507
421	497
421	818
421	866
422	437
422	655
422	722
422	841
422	992
423	630
423	860
424	530
424	693
424	862
425	427
425	664
425	961
425	973
426	491
426	550
426	659
427	445
427	562
427	686
428	778
428	970
428	979
429	718
429	880
430	550
430	640
430	751
431	468
431	556
431	685
432	580
432	622
432	966
433	725
433	822
434	555
434	691
434	693
434	918
435	625
435	997
436	529
436	722
436	998
437	974
438	617
438	652
438	996
439	450
439	792
440	466
440	477
440	823
441	555
441	627
441	793
442	517
442	542
444	696
444	768
444	772
444	805
445	673
445	694
445	961
446	684
446	731
446	833
446	941
447	471
447	789
447	826
447	912
448	470
448	989
449	489
449	522
449	716
449	742
449	882
449	947
450	540
450	934
451	477
451	677
451	811
452	553
452	564
452	669
452	966
453	518
453	614
454	711
454	799
454	868
455	510
455	518
455	769
456	742
456	842
456	982
457	774
458	654
458	978
459	681
459	701
460	480
460	490
461	639
462	588
463	541
463	633
464	649
465	485
465	657
465	809
466	736
467	493
467	709
468	698
468	774
468	865
469	482
469	532
470	487
470	920
470	923
470	945
471	717
472	526
473	677
474	969
475	589
475	767
476	576
476	848
477	954
478	804
479	742
479	813
480	522
480	773
480	892
481	507
481	509
481	622
481	832
482	752
482	814
483	552
483	801
484	565
484	814
485	638
485	815
485	956
486	604
486	685
486	697
488	659
488	682
488	768
489	724
490	492
491	650
492	825
493	804
494	505
494	968
495	568
495	598
495	839
496	762
498	580
498	759
498	775
498	830
499	718
500	584
500	665
500	930
501	515
501	602
502	539
503	819
504	597
504	670
506	542
506	635
508	577
508	840
508	947
509	574
509	990
510	516
510	905
511	563
511	993
512	650
513	738
513	763
514	636
514	770
515	551
515	927
517	533
517	557
517	633
517	722
518	775
518	854
519	544
519	553
519	765
519	876
520	698
520	898
520	983
521	738
521	834
521	973
522	832
523	539
523	732
524	570
524	753
524	961
525	551
525	948
526	844
526	899
527	637
527	814
527	939
529	552
530	900
530	974
531	623
532	566
532	853
533	608
533	857
534	996
535	563
535	712
536	574
536	688
536	982
536	999
537	778
537	787
537	999
539	757
540	560
540	838
540	928
540	978
541	703
542	703
542	861
543	547
543	819
543	966
544	674
544	972
545	560
545	695
545	812
546	563
546	655
546	722
546	915
546	946
547	939
547	953
548	576
549	621
549	685
549	850
551	751
552	712
553	905
553	964
554	970
554	979
555	832
555	874
556	896
556	933
557	662
557	995
557	997
558	614
559	706
559	944
560	744
561	595
561	753
561	786
561	952
565	579
565	792
566	718
566	854
566	986
567	584
568	574
568	881
569	828
569	919
569	981
570	766
572	686
572	786
572	890
572	895
572	995
573	779
573	816
574	767
574	978
575	577
575	591
575	676
575	868
576	682
576	759
577	822
578	939
578	993
580	630
581	587
582	708
582	901
583	610
583	671
583	815
583	977
584	778
585	667
585	676
585	827
585	851
586	607
586	901
586	929
586	953
587	664
588	635
589	943
589	977
590	786
590	863
590	938
591	599
592	606
592	963
593	717
593	725
593	732
594	753
594	908
595	764
595	855
596	667
596	836
596	837
596	997
597	834
597	963
598	804
599	810
599	843
600	635
602	639
602	842
603	679
603	810
605	715
605	758
606	735
606	926
607	708
608	922
609	665
610	930
611	833
615	655
615	992
616	946
617	646
618	703
618	927
619	744
619	858
619	860
620	954
622	626
622	662
625	908
626	746
628	812
628	924
629	811
629	885
633	959
635	780
636	902
637	789
639	650
639	679
640	662
640	706
640	901
641	748
644	852
644	946
644	965
645	974
646	835
647	720
647	844
648	799
649	712
651	715
652	868
653	851
654	791
654	903
656	698
656	995
657	848
659	845
660	811
661	985
662	975
663	783
666	688
667	909
668	849
668	994
669	886
669	931
671	814
672	716
672	893
672	933
673	708
673	784
674	906
675	732
678	687
678	711
678	730
680	879
680	975
681	903
682	886
683	824
683	948
684	856
685	697
687	821
687	871
688	761
689	962
689	974
690	743
690	859
691	739
692	921
693	695
694	891
695	891
697	805
698	732
700	779
702	932
703	846
705	713
705	827
707	834
709	947
711	821
711	860
712	942
713	740
713	768
713	904
714	821
714	899
715	773
716	910
718	888
720	911
721	948
723	944
726	728
727	909
727	925
728	971
729	825
730	921
731	901
733	1000
734	764
734	928
741	786
743	889
744	962
744	974
745	776
749	768
749	816
749	865
750	763
750	896
754	884
755	958
756	915
757	762
758	950
759	864
760	905
761	844
762	796
764	955
766	907
767	816
767	936
771	981
771	991
773	843
774	909
777	887
778	931
785	852
787	979
791	874
791	985
793	937
794	935
794	985
795	882
799	866
799	998
800	817
801	802
801	892
806	835
807	903
807	988
812	935
817	984
822	927
823	881
824	902
828	931
836	963
838	938
839	946
840	867
843	905
850	904
851	857
851	952
852	875
852	883
852	996
857	891
858	968
858	972
859	985
862	892
862	933
863	976
865	873
865	935
865	969
867	869
867	937
883	999
884	888
884	929
898	957
898	981
904	936
910	967
912	917
914	998
916	976
919	988
924	983
925	995
933	969
939	970
939	982
945	975
949	962
990	1000
