,bayesian,bayesian_fixed_K,spectral,leiden,louvain
300,0.2760750770568848,0.26000611782073973,0.0743110179901123,0.8857677459716797,0.005942773818969726
600,0.806537389755249,0.6965362071990967,0.0722130298614502,1.9546223163604737,0.01092545986175537
900,1.4773696660995483,1.1988268136978149,0.09296655654907227,3.077321267127991,0.016682243347167967
1200,2.0040276527404783,1.8496501684188842,0.12281935214996338,4.372020602226257,0.02404654026031494
1500,2.4797001838684083,2.5555927038192747,0.14714670181274414,5.607503294944763,0.0310105562210083
1800,3.884397530555725,3.227062964439392,0.18053534030914306,6.821977376937866,0.03847768306732178
2100,3.8876140832901003,3.703364062309265,0.2219162702560425,7.849334478378296,0.04729716777801514
2400,4.509246826171875,5.0621577501297,0.2625462532043457,9.181874966621399,0.050798869132995604
2700,5.125586199760437,4.861719298362732,0.3127360105514526,10.425126576423645,0.05733382701873779
3000,5.841991806030274,6.3424232482910154,0.36897313594818115,11.585779714584351,0.06795241832733154
